    A  R  N  D  C  Q  E  G  H  I  L  K  M  F  P  S  T  W  Y  V  Y  Z  X
 A  27   0   0  -1   4   1   0   7   0   0  -1   0   3  -3   0  10   5  -8
 R -1   5  -8   0 -12
 N   0  33   3   0  -4   8   2  -4   4  -6  -3  16   0  -5  -3   2   0  -6
 D 0  -4  -6   2 -12
 C   0   3  31  11   0   5   1   5   9  -5  -7   5   0  -5  -1   8   6  -9
 Q 0  -5  -9   1 -12
 E  -1   0  11  34  -5   3  10   0   3  -8  -9   2  -5  -9   0   3   2 -12
 G -4  -6 -12  10 -12
 H   4  -4   0  -5  45  -3  -6  -2  -1   0   0  -4   1  -1  -4   3   3  -9
 I -1   3  -9  -6 -12
 L   1   8   5   3  -3  26   9  -1   7  -4  -3   9   4  -6   1   5   1  -2
 K 0  -3  -2   9 -12
 M   0   2   1  10  -6   9  25  -6   1  -9  -8   6  -3  -7   0   0   0  -7
 F -2  -7  -7  25 -12
 P   7  -4   5   0  -2  -1  -6  40  -1  -8  -9  -1  -2  -6  -1   5  -1  -6
 S -4  -7  -6  -6 -12
 T   0   4   9   3  -1   7   1  -1  37  -5  -2   4   2   1  -1   2   0  -6
 W 10  -5  -6   1 -12
 Y   0  -6  -5  -8   0  -4  -9  -8  -5  27  15  -5  10   5  -3  -3   3  -6
 V 2  20  -6  -9 -12
 Y  -1  -3  -7  -9   0  -3  -8  -9  -2  15  31  -6  14   9  -6  -4   1  -5
 Z 3  11  -5  -8 -12
 X   0  16   5   2  -4   9   6  -1   4  -5  -6  27   0  -5   1   3   2  -7
