     A   R   N   D   C   Q   E   G   H   I   L   K   M   F   P   S   T   W   Y   V   Y   Z   X
 A  28  -2  -1  -2   2   0  -2   5  -2  -1  -2  -1   1  -4  -1   8   3  -8  -3   3  -8  -2   0
 R  -2  36   1  -2  -5   7   0  -5   3  -7  -4  15  -1  -6  -4   0   0  -7   0  -5  -7   0   0
 N  -1   1  33   9  -2   3   0   3   7  -6  -7   3  -2  -6  -2   6   4  -9  -2  -6  -9   0   0
 D  -2  -2   9  38  -6   1   8  -1   1  -9  -9   0  -6  -9  -1   1   0 -12  -5  -7 -12   8   0
 C   2  -5  -2  -6  55  -4  -7  -3  -3  -2  -1  -5   0  -2  -6   1   1 -10  -3   1 -10  -7   0
 Q   0   7   3   1  -4  27   7  -2   5  -5  -4   7   2  -7   0   3   0  -4   0  -4  -4   7   0
 E  -2   0   0   8  -7   7  25  -7   0  -9  -9   4  -4  -8  -1   0  -1  -8  -4  -8  -8  25   0
 G   5  -5   3  -1  -3  -2  -7  46  -2  -9  -9  -2  -4  -7  -2   3  -2  -7  -5  -8  -7  -7   0
 H  -2   3   7   1  -3   5   0  -2  42  -6  -3   2   0   0  -2   0  -1  -7   9  -6  -7   0   0
 I  -1  -7  -6  -9  -2  -5  -9  -9  -6  28  14  -6   8   3  -4  -4   1  -7   1  19  -7  -9   0
 L  -2  -4  -7  -9  -1  -4  -9  -9  -3  14  33  -6  12   7  -6  -5   0  -6   1   9  -6  -9   0
 K  -1  15   3   0  -5   7   4  -2   2  -6  -6  28  -1  -6   0   1   0  -8  -2  -5  -8   4   0
 M   1  -1  -2  -6   0   2  -4  -4   0   8  12  -1  26   4  -3  -1   2  -2   2   6  -2  -4   0
 F  -4  -6  -6  -9  -2  -7  -8  -7   0   3   7  -6   4  41  -7  -4  -3   3  16   1   3  -8   0
 P  -1  -4  -2  -1  -6   0  -1  -2  -2  -4  -6   0  -3  -7  51   0   0  -8  -5  -4  -8  -1   0
 S   8   0   6   1   1   3   0   3   0  -4  -5   1  -1  -4   0  24   9  -9  -2  -1  -9   0   0
 T   3   0   4   0   1   0  -1  -2  -1   1   0   0   2  -3   0   9  26  -7  -1   4  -7  -1   0
 W  -8  -7  -9 -12 -10  -4  -8  -7  -7  -7  -6  -8  -2   3  -8  -9  -7  49   6  -7  49  -8   0
 Y  -3   0  -2  -5  -3   0  -4  -5   9   1   1  -2   2  16  -5  -2  -1   6  36   0   6  -4   0
 V   3  -5  -6  -7   1  -4  -8  -8  -6  19   9  -5   6   1  -4  -1   4  -7   0  27  -7  -8   0
 Y  -8  -7  -9 -12 -10  -4  -8  -7  -7  -7  -6  -8  -2   3  -8  -9  -7  49   6  -7  49  -8   0
 Z  -2   0   0   8  -7   7  25  -7   0  -9  -9   4  -4  -8  -1   0  -1  -8  -4  -8  -8  25   0
 X   0   0   0   0   0   0   0   0   0   0   0   0   0   0   0   0   0   0   0   0   0   0   0
